camera_matrix:
- - 834.0059152258395
  - 0.0
  - 323.37115400504405
- - 0.0
  - 834.1840528153168
  - 233.38065855749306
- - 0.0
  - 0.0
  - 1.0
dist_coeff:
- - 0.04832542013360532
  - -1.5021170623704458
  - -0.003348802871235835
  - 0.003282120311710893
  - 12.149577412898063
inverse_newcam_mtx:
- - 0.0011848701112175321
  - 0.0
  - -0.38403791189193726
- - 0.0
  - 0.0011982530254901565
  - -0.27889230847358704
- - 0.0
  - 0.0
  - 1.0
new_camera_mtx:
- - 843.974365234375
  - 0.0
  - 324.1181529149326
- - 0.0
  - 834.5482788085938
  - 232.74909600958745
- - 0.0
  - 0.0
  - 1.0
roi:
- 14
- 12
- 613
- 455
